0
[0, 0, 0, 0, 0, 0, 0, 0, 0, 0, 0, 0, 1, 1, 1, 0, 0, 0, 0, 0, 'X', 'X', 'X', 'X', 'X', 'X', 'X', 'X', 'X', 'X']
lcheck:: 30
vet: [0.0, 0.0, 0.0, 7.00640654815e-10, 2.50228805291e-09, 1.46834262945e-07, 5.5760986971e-07, 2.05959325974e-05, 0.000173486433271, 0.00130095597372, 0.00751416293261, 0.048640780466, 0.361205528664, 0.36302836784, 0.105109586656, 0.0205429782768, 0.0210597660194, 0.0320162761803, 0.0299996578161, 0.00938714916182]
energy: -8.74490
vetone: 00000000000011100000XXXXXXXXXX
vetflt: 0.00.00.07.00640654815e-102.50228805291e-091.46834262945e-075.5760986971e-072.05959325974e-050.0001734864332710.001300955973720.007514162932610.0486407804660.3612055286640.363028367840.1051095866560.02054297827680.02105976601940.03201627618030.02999965781610.00938714916182
[0, 0, 0, 0, 0, 0, 0, 0, 0, 0, 0, 0, 0, 0, 0, 0, 1, 1, 1, 1, 'X', 'X', 'X', 'X', 'X', 'X', 'X', 'X', 'X', 'X']
lcheck:: 30
vet: [0.0, 0.0, 0.0, 1.00198455687e-10, 6.01190734119e-10, 2.98591397946e-08, 1.08615125964e-07, 3.86846197715e-06, 3.0723151078e-05, 0.000204925380578, 0.00106588812595, 0.00630795700491, 0.0429978238164, 0.0384697662269, 0.00591842408581, 0.00403765107751, 0.1029522378, 0.314602551757, 0.361446914529, 0.121961129408]
energy: -8.78979
vetone: 00000000000000001111XXXXXXXXXX
vetflt: 0.00.00.01.00198455687e-106.01190734119e-102.98591397946e-081.08615125964e-073.86846197715e-063.0723151078e-050.0002049253805780.001065888125950.006307957004910.04299782381640.03846976622690.005918424085810.004037651077510.10295223780.3146025517570.3614469145290.121961129408
